2024-10-03 19:00:00,173.5,176.0,172.0,175.2,120195681,4882.29
2024-10-02 18:00:00,174.0,177.0,173.0,175.8,116275729,4641.97
2024-10-01 17:00:00,175.0,178.0,172.5,174.5,127707078,6591.27
2024-09-30 11:00:00,174.8,176.5,172.8,175.0,127707078,6591.27
2024-09-27 10:00:00,172.5,175.0,171.5,173.5,120195681,4882.29
2024-09-26 09:00:00,171.0,172.5,170.0,171.8,117516350,4820.53
2024-09-25 08:00:00,169.5,172.0,169.0,171.0,110427867,4661.55
2024-09-24 07:00:00,170.0,171.0,168.0,169.5,127624733,4823.52
2024-09-23 06:00:00,172.0,173.5,169.5,171.5,123586417,4303.93
2024-09-20 05:00:00,168.0,171.0,167.5,170.5,151929179,5429.87
2024-09-19 04:00:00,170.5,171.5,166.0,167.0,160523863,5219.24
2024-09-18 03:00:00,173.0,174.0,169.0,172.0,145721790,5163.09
2024-09-17 02:00:00,171.0,173.5,170.0,172.5,144794030,5405.72
2024-09-16 01:00:00,168.0,171.0,167.0,170.0,214402430,8753.33
2024-09-13 16:00:00,173.5,176.0,172.0,175.2,120195681,4882.29
2024-09-12 15:00:00,174.5,177.5,173.5,176.5,171728134,7774.83
2024-09-11 14:00:00,175.0,178.0,174.0,175.5,191516153,8349.59
2024-09-10 13:00:00,174.5,176.0,173.0,174.0,151162819,5915.8
2024-09-09 12:00:00,176.0,178.0,175.0,177.0,116275729,4641.97